 duration: 12.552894
 duration: 0.105965
 duration: 0.068000