 duration: 12.555392
 duration: 0.359260
 duration: 0.377693