 duration: 12.585375
 duration: 0.024356
 duration: 0.011233