 duration: 0.000000
 duration: 0.000071
 duration: 0.000034