 duration: 12.563658
 duration: 0.040090
 duration: 0.019607