 duration: 12.566251
 duration: 0.027075
 duration: 0.013327