 duration: 0.163386
 duration: 0.004978
 duration: 0.005711