 duration: 0.000036
 duration: 0.000074
 duration: 0.000037